radar:
  x: 0.0
  y: 0.0
  z: 0.0
  roll: 0.0
  pitch: 0.0
  yaw: 0.0
bfly:
  x: -1.494
  y: 0.302
  z: 0.0
  roll: 0.0
  pitch: -1.57079632679
  yaw: 1.57079632679
gps:
  x: -0.7634
  y: 0.0
  z: 0.0
  roll: 0.0
  pitch: 0.0
  yaw: 0.0
